18.7516802703668
18.65305933108
19.0559860375537
19.0977006602037
18.8192953932569
18.9525577112571
18.397839925217
19.1143853368877
18.9814915929225
18.4673910516274
19.1899607104608
18.6143641627165
19.126771747696
18.9634914393355
19.0472751624404
19.011343012509
18.9364095762604
18.9136094278029
18.8049900983474
18.801590058788
19.0971179424713
19.0507099717678
18.5522964403048
18.9855860494223
18.7672990258585
18.8267750368732
18.3136143772488
19.0034093984951
18.869548177621
18.7288969802903
19.0146238437738
17.782012049392
18.897409456141
18.7610835866629
18.8184603498773
18.9504236920941
19.0282460838198
18.9064910275363
18.7288969767889
18.338780597048
19.0387739636565
18.8580581850178
19.0090377656378
18.3814293320635
19.0037416554009
18.9053613423646
18.7787300523585
19.0285673575457
18.3512080440057
18.5118278585285
