-837.965774544867
-837.965774544867
-837.965774544867
-837.965774544867
-837.965774544867
-837.965774544867
-837.965774544867
-837.965774544867
-837.965774544867
-837.965774544867
-837.965774544867
-837.965774544867
-837.965774544867
-837.965774544867
-837.965774544867
-837.965774544867
-837.965774544867
-837.965774544867
-837.965774544868
-837.965774544867
-837.965774544867
-837.965774544867
-837.965774544867
-837.965774544771
-837.965774544867
-837.965774544867
-719.52743993043
-837.965774544866
-837.965774544867
-719.52743993043
-719.52743993043
-837.965774544863
-719.52743993043
-837.965774544867
-837.965774544867
-837.965774544867
-837.965774544867
-719.527439930429
-837.965774544841
-837.965774544867
-837.965774544867
-837.965774544174
-837.965774544863
-837.965774544867
-837.965774544852
-837.965774544867
-837.965774544867
-837.965774544867
-837.965774544866
-837.965774544867
