-3321.2674857296
-2886.98814695079
-2845.87230776972
-3183.0948607093
-3143.59910658784
-3002.41140755563
-2906.72243735898
-3063.13946658269
-3023.64371246123
-3104.09491486363
-3222.5661509558
-3104.00303634907
-3495.90174585166
-3242.32219580881
-3439.70582034506
-3262.05919564713
-3202.79624963993
-2926.44829016456
-2906.72243735897
-3104.12781633511
-2944.66552106058
-3202.82915111699
-3378.98047074941
-3242.28929432474
-3301.53319532374
-3378.98047074521
-3064.54289313458
-3122.33390020464
-3142.1038015205
-3439.21328305828
-3260.5092346574
-3262.02629414209
-3023.63256542853
-3280.27913597327
-3202.70437112522
-3459.44282018467
-3005.42377213511
-3064.65652609437
-3281.76329400688
-3321.26748573125
-3005.42648155905
-3222.56615095524
-3122.36680168223
-3301.5304858888
-3398.71747058771
-3084.35791502549
-3120.8168406925
-2886.98814695056
-2965.91958041105
-2924.96413212996
