18.0974094378334
17.5969314200891
17.9252417186088
18.7606379993696
17.7708747404172
18.7861264709489
18.2237690220901
18.5288775460746
17.7565818115023
17.5740859627483
18.4898361707197
15.7646697561812
15.9488927845906
17.9932002679706
17.1038018326266
15.8186832463218
18.0001670147673
17.977397182511
18.3571400725083
18.4173509545524
18.2178853158119
18.4493425813282
18.669891178106
18.4578017632827
18.0395605987976
18.2164100897352
18.705543161132
18.845600818049
18.9708115325818
18.5445477702718
17.6328307618507
18.5944423950252
18.790448932119
18.1198683188342
18.8125925522195
18.5198182309322
18.4816203451981
18.1070812052217
18.9489977761317
18.707432901984
18.303340537874
16.8749945143728
18.1513034261572
17.8881360327499
16.68461307453
17.7910643361086
18.2936720588229
18.4541842906902
18.1925695519988
18.0276898089366
