-5473.3018357136
-5749.67696849306
-5927.35378524073
-5931.25474502129
-5655.53524985702
-5871.03578916881
-5611.42090255931
-5495.90305400796
-6088.26462764763
-5336.53534667332
-5732.89335619461
-5907.49471483888
-5832.50558017454
-5770.93946544713
-5968.34213499939
-6364.66995247625
-6029.95607979676
-5634.25099845908
-6580.20068384002
-6366.06223199622
-5731.46817520063
-5573.4900379516
-5318.40457539073
-6029.0563375635
-5871.06869065048
-5655.46944690119
-5594.69626729981
-5849.89536278235
-5379.00785446677
-6205.24055866909
-5433.80035341967
-5573.43377034342
-5591.65100124249
-5713.1017004319
-6045.29958251195
-6068.53033724012
-5912.1048704138
-5452.05048579221
-6206.70296226285
-6405.45550019072
-6109.5102493963
-5989.55214582861
-5655.50505780957
-5534.96253804167
-5477.66135923766
-5948.5749431135
-5691.43583529434
-5773.90778151631
-5240.91325149622
-5612.50440183441
