2.5799275570465
3.5744518772662
7.54951656745106e-15
1.11022302462516e-14
1.56763491077072e-13
7.54951656745106e-15
5.38186418750142
4.44089209850063e-16
8.81315177405317
7.96171127470194
3.99680288865056e-15
2.57992755704622
1.49658063719471e-13
3.95239396766556e-14
2.17603712826531e-14
9.00109347829821
3.99680288865056e-15
6.55964537563597
3.57445187727208
8.61625004405395
2.57992755704601
4.12558875950708e-13
3.57445187727187
2.57992755705111
2.57992755704395
2.57992755704623
9.73887637201187e-13
12.7769391076581
3.57445187728677
10.9982621026035
5.38186418750269
3.57445187727146
3.99680288865056e-15
3.99680288865056e-15
2.57992755704641
3.99680288865056e-15
4.88406525810347
3.99680288865056e-15
3.57445187727204
4.88406525810381
3.5744518772703
5.38186418750143
2.57992755704156
3.99680288865056e-15
15.332696707302
10.1203312738034
6.88258264681417
5.90194559890733e-13
3.99680288865056e-15
3.99680288865056e-15
