19.122163656848
18.4307030541687
18.9810451409273
19.3519785739888
18.2885404083188
18.5662487584833
18.8088928182003
19.4837299493005
18.3026181153126
17.6365501131083
19.0153690549083
18.9763864803675
17.4077654745764
17.7243901900984
17.1022346421763
18.9196527413212
17.3234675820283
18.3683255595276
18.3560873457599
19.5286204283706
17.264680007694
18.5458203660192
18.2662935580097
18.8621922411816
18.1716516756446
19.2824852083065
18.8406834346105
18.8011058932291
19.0787723359024
18.2157129501322
19.4214197548316
17.9326598220539
18.7814623963188
18.8267371094546
18.8748178556331
17.9897256060062
18.9383891088121
19.6056240728789
19.0164667504936
15.2736908301705
17.8832074417972
18.0546251911481
16.0197721950446
17.9634735061061
17.6530382784296
18.7908011419916
19.4518642692529
18.9097513916607
19.1744778432068
18.0864784008917
