-2186.12287623903
-2021.48311621953
-2084.64289240207
-2372.71328387782
-1860.34520272434
-1673.00159886634
-2128.53622838316
-1911.56849105006
-1877.73486964419
-2014.30569818263
-2266.68583480223
-1618.55909078038
-1969.84630463445
-2042.78794128786
-2044.19983898582
-1803.5588136429
-1728.79859825898
-2102.50268055172
-1952.88005759782
-1829.39844074532
-1561.4469660085
-1890.53562460384
-1586.94548839195
-1693.25416048038
-2400.35507435712
-1556.05370256067
-1925.71667498663
-1686.18371931493
-1990.54894478721
-1901.82759774242
-2085.08321118788
-2116.08914934303
-2032.07880569482
-2132.79708866929
-2085.70667719189
-2015.90558124522
-2005.0125747825
-1674.00660935322
-1878.15497288721
-1830.10506891444
-1849.8138084948
-2093.02491650767
-2043.24013535298
-1730.46969851299
-2144.33383461382
-1974.4362742836
-1568.65805099764
-2009.76596867132
-1569.85372334316
-1788.89717420691
