-3150.61211466484
-2755.91214198136
-2724.3456212677
-2356.723246621
-2897.32662831015
-2801.13350169103
-2652.07043725041
-2401.1096687559
-2717.83952928699
-3285.13521135664
-2459.12694664588
-2448.10858165836
-2361.60590934975
-3363.11055392236
-2600.71585204381
-2766.36187706749
-2528.57105658666
-2808.60051132747
-2687.61941106974
-2468.10947568592
-2723.44183487622
-2552.54776345372
-2369.16626913568
-2385.04981739319
-3086.5031179801
-2488.90615337377
-3105.68777028944
-2347.82905327377
-3320.25780877047
-2924.50022471025
-2798.75030163511
-2916.33102398081
-2816.68545471738
-2742.39401292521
-2725.5916013122
-3235.39323603253
-2719.37447926179
-3515.75380465817
-2291.23500993736
-2935.52867032476
-2902.69601815123
-2835.38263059641
-2469.89329688801
-2077.15369310913
-3239.81479044955
-2614.29071827455
-2927.52206650716
-2303.20602234311
-2661.48538294618
-2595.60738249837
