-686.460045427779
-796.204080331707
-806.86726364511
-676.108014710106
-749.644972751524
-707.624144663355
-728.895501854489
-765.078718672177
-829.913424741558
-749.370812143886
-830.586639808641
-656.773289079406
-735.74631336223
-776.718312050475
-751.679769773005
-824.382714237438
-772.769782206818
-746.346803727735
-827.191616511598
-818.183124087662
-781.741403732607
-708.224523607579
-636.494685931722
-811.743188051404
-814.461938465323
-726.881151840295
-827.049046299714
-750.371140251122
-783.205220235295
-813.440229979964
-704.657725986544
-802.19939833007
-766.450178628564
-785.947277234323
-805.579624508184
-732.867482125074
-816.177128118466
-798.611933095984
-770.133868318685
-757.487523782159
-826.418133425631
-790.107648153723
-836.414677832289
-767.174456658695
-812.863443250066
-799.332529815557
-837.348587499226
-769.783968310356
-761.357820928805
-801.613368774122
