20.3039653263683
20.3647840040403
19.7942761624274
19.8176617356381
19.654245585069
19.998145163235
19.3914642540813
19.9174387669756
19.3730474948458
19.8492367092317
20.0368811750533
19.7771211142936
20.1200283132664
19.8509151803693
20.0607739523891
20.2466540305467
20.0875987941274
19.7837487509724
19.9615898730776
20.1423023602783
19.5448508274577
20.170273905364
20.2802238700771
20.0480495880057
19.8065281990525
20.3079330088997
20.2164831223013
19.8241292671311
19.6325643620885
19.9626187029156
20.0451489047133
20.120360278729
19.9689828612162
19.9447139473872
20.1422446238425
19.9946836762417
19.6357081800334
20.3905499549098
20.3567647925273
19.9164504916493
20.1232747659971
19.8074444621003
19.9858009411657
19.9536110995626
20.0718091170289
19.8199307215111
20.1017397049455
19.9836392945704
19.9668815558224
20.1877452399241
