6.92606274839532
2.29309779795637
5.49902841459112
6.9187396555255
4.36379322866279
3.57475323750282
8.34281663287518
3.33031640939774
6.98779624696512
4.18026354813628
2.63720706347452
4.49716932591958
4.29363398391226
3.62824562071885
5.08359510136436
9.54109106682076
5.29899445827755
2.97878698807602
3.56227767448718
2.57943598907308
4.73697073666093
3.96382809852144
3.19075607809665
4.54025839294227
3.94043623713282
5.92741495953615
3.80769802297493
3.27725982365025
3.74587701388425
3.64618228371734
7.08656416117335
4.06180626435047
2.55878763959775
4.19942628875605
3.10987247226779
2.23933225373398
5.81050339157522
3.03700076117126
2.96792210496817
3.99038331860748
6.37490521280637
5.12548541989917
3.43172691477158
4.59851467972721
6.28608236664826
5.17562347220297
6.03205234238543
5.67298691910592
2.76773531960737
4.5592481481924
